0.0 0.2857142857142857 0.38571428571428557 0.17142857142857149 0.46629292033018743 
0.33333333333333326 0.0 0.0 0.30000000000000004 0.7023809523809523 
0.7142857142857143 0.0 0.0 0.0 0.8313186813186813 
0.0 0.0 0.16999999999999993 0.5 0.4809523809523809 
0.0 0.16666666666666663 0.33666666666666656 0.3666666666666666 0.4069023569023569 
0.9230769230769231 0.0 0.16833333333333333 0.29999999999999993 0.7125152625152625 
0.7142857142857143 0.0 0.0 0.0 0.8313186813186813 
0.0 0.11999999999999988 0.1359999999999999 0.52 0.47189255189255186 
0.0 0.5599999999999999 0.1359999999999999 0.19999999999999996 0.5877595834117573 
0.9047619047619048 0.4 0.6699999999999999 0.0 0.5445887445887446 
0.0 0.3999999999999999 0.0 0.09999999999999998 0.7165775401069518 
0.0 0.15000000000000002 0.41999999999999993 0.10000000000000009 0.48404634581105177 
0.9047619047619048 0.0 0.6699999999999999 0.19999999999999996 0.4476190476190476 
0.0 0.22857142857142854 0.38571428571428557 0.22857142857142854 0.4520072060444731 
0.33333333333333326 0.0 0.0 0.30000000000000004 0.7023809523809523 
0.5 0.19999999999999996 0.16999999999999993 0.19999999999999996 0.6348104793756968 
0.6 0.0 0.0 0.09999999999999998 0.8013186813186812 
0.5 0.28 0.1359999999999999 0.36 0.6223050379572118 
0.9 0.08000000000000007 0.06799999999999995 0.24 0.7859436215957956 
0.8181818181818182 0.19999999999999996 0.06799999999999995 0.43999999999999995 0.6992747349269088 
0.0 0.2857142857142857 0.38571428571428557 0.17142857142857149 0.46629292033018743 
0.0 0.050000000000000044 0.3374999999999999 0.30000000000000004 0.45980392156862737 
0.0 0.1714285714285716 0.3371428571428571 0.2857142857142857 0.43772149175875885 
0.0 0.06666666666666676 0.22666666666666657 0.19999999999999984 0.5686274509803921 
0.6666666666666666 0.15999999999999992 0.20399999999999996 0.24 0.6411817168338907 
0.33333333333333326 0.5 0.08499999999999996 0.25 0.6585090030742204 
0.0 0.0 0.2699999999999999 0.4 0.4363369963369963 
0.0 0.32499999999999996 0.29499999999999993 0.29999999999999993 0.45999043227304104 
0.0 0.25714285714285723 0.38571428571428557 0.20000000000000007 0.439182945905635 
0.0 0.5599999999999999 0.1359999999999999 0.19999999999999996 0.5877595834117573 
0.6 0.15000000000000002 0.08499999999999996 0.3999999999999999 0.6931990231990232 
0.0 0.43999999999999995 0.20399999999999996 0.19999999999999996 0.5522040278562017 
0.0 0.31428571428571417 0.19428571428571417 0.37142857142857133 0.4928029182687568 
0.0 0.52 0.2699999999999999 0.040000000000000036 0.5715979672501412 
0.0 0.20000000000000007 0.33833333333333326 0.2333333333333334 0.47099253403601227 
0.8947368421052632 0.19999999999999984 0.2799999999999999 0.033333333333333326 0.7127604152775777 
0.6666666666666666 0.2666666666666666 0.0 0.2666666666666666 0.7424166247695659 
0.8571428571428571 0.0 0.08499999999999996 0.25 0.7585164835164835 
0.0 0.37142857142857133 0.24142857142857133 0.2571428571428571 0.5066557321215706 
0.9 0.050000000000000044 0.08499999999999996 0.19999999999999996 0.76736802413273 
0.33333333333333326 0.44999999999999996 0.08499999999999996 0.19999999999999996 0.6637787333439507 
0.7142857142857143 0.0 0.33499999999999996 0.09999999999999998 0.6261904761904762 
0.0 0.15000000000000002 0.08499999999999996 0.5 0.5253968253968253 
0.6 0.15000000000000002 0.08499999999999996 0.3999999999999999 0.6931990231990232 
0.8181818181818182 0.20000000000000007 0.08499999999999996 0.29999999999999993 0.7262180629827688 
0.33333333333333326 0.13333333333333341 0.3933333333333332 0.2333333333333334 0.48282828282828283 
0.7142857142857143 0.0 0.33499999999999996 0.09999999999999998 0.6261904761904762 
0.0 0.08000000000000007 0.33799999999999986 0.28 0.42666666666666675 
0.0 0.31999999999999995 0.33799999999999986 0.08000000000000007 0.5070129870129869 
0.0 0.2571428571428571 0.24142857142857133 0.37142857142857133 0.46311831715558416 
0.0 0.3999999999999999 0.0 0.09999999999999998 0.7165775401069518 
0.0 0.4800000000000001 0.20199999999999996 0.19999999999999996 0.5462011418533157 
0.8461538461538461 0.0 0.11333333333333329 0.06666666666666676 0.8282051282051281 
0.0 0.19999999999999984 0.33666666666666656 0.2666666666666666 0.4527916527916528 
0.0 0.1200000000000001 0.33599999999999997 0.32000000000000006 0.434856124267889 
0.8333333333333334 0.11999999999999988 0.06799999999999995 0.48 0.6957020757020758 
0.33333333333333326 0.43999999999999995 0.20399999999999996 0.11999999999999988 0.6455373611895351 
0.8823529411764706 0.09999999999999998 0.08499999999999996 0.09999999999999998 0.7946144009443242 
0.75 0.08000000000000007 0.20199999999999996 0.32000000000000006 0.6454674311196051 
0.0 0.33333333333333337 0.0 0.2666666666666666 0.6056732317601883 
0.8181818181818182 0.0 0.16749999999999998 0.25 0.7138195138195138 
0.8333333333333334 0.11999999999999988 0.06799999999999995 0.48 0.6957020757020758 
0.0 0.09999999999999998 0.16999999999999993 0.3999999999999999 0.5059523809523809 
0.33333333333333326 0.08000000000000007 0.404 0.15999999999999992 0.5281118881118881 
0.0 0.19999999999999996 0.3371428571428571 0.34285714285714275 0.4181612038754896 
0.33333333333333326 0.5 0.08499999999999996 0.25 0.6585090030742204 
0.0 0.35 0.16999999999999993 0.1499999999999999 0.5807312252964427 
0.0 0.16666666666666663 0.33666666666666656 0.3666666666666666 0.4069023569023569 
0.7777777777777778 0.1333333333333333 0.11333333333333329 0.0 0.7811965811965812 
0.8666666666666667 0.24 0.134 0.19999999999999996 0.7312470763110148 
0.0 0.52 0.2699999999999999 0.040000000000000036 0.5715979672501412 
0.0 0.29999999999999993 0.2816666666666666 0.23333333333333328 0.5006221636656418 
0.0 0.0 0.11333333333333329 0.4666666666666667 0.5126984126984127 
0.0 0.2571428571428571 0.24142857142857133 0.37142857142857133 0.46311831715558416 
0.0 0.11999999999999988 0.20199999999999996 0.5199999999999999 0.44698412698412693 
0.0 0.4 0.11333333333333329 0.0 0.6480012740882306 
0.0 0.19999999999999996 0.3375 0.050000000000000044 0.5351398601398601 
0.33333333333333326 0.09999999999999998 0.255 0.15000000000000002 0.610897435897436 
0.8 0.25 0.08499999999999996 0.19999999999999996 0.7403418803418803 
0.6666666666666666 0.32000000000000006 0.06799999999999995 0.4 0.7010929167450907 
0.0 0.22857142857142865 0.3371428571428571 0.3142857142857143 0.421042356336474 
0.0 0.4800000000000001 0.20199999999999996 0.19999999999999996 0.5462011418533157 
0.0 0.0 0.16999999999999993 0.5 0.4809523809523809 
0.9090909090909091 0.08000000000000007 0.20199999999999996 0.08000000000000007 0.7476789876789877 
0.33333333333333326 0.43999999999999995 0.20399999999999996 0.11999999999999988 0.6455373611895351 
0.0 0.2571428571428571 0.2899999999999999 0.34285714285714275 0.4478458049886622 
0.0 0.11999999999999988 0.1359999999999999 0.52 0.47189255189255186 
0.8 0.25 0.08499999999999996 0.19999999999999996 0.7403418803418803 
0.8823529411764706 0.2333333333333334 0.2799999999999999 0.033333333333333326 0.711264027248682 
0.5 0.35 0.08499999999999996 0.19999999999999996 0.6792549238201413 
0.0 0.23333333333333328 0.2816666666666666 0.3666666666666666 0.44153439153439156 
0.9047619047619048 0.0 0.08499999999999996 0.1499999999999999 0.7966117216117217 
0.0 0.0 0.11333333333333329 0.4666666666666667 0.5126984126984127 
0.0 0.15999999999999992 0.20399999999999996 0.36 0.49728937728937717 
0.9090909090909091 0.08000000000000007 0.20199999999999996 0.08000000000000007 0.7476789876789877 
0.0 0.050000000000000044 0.16999999999999993 0.44999999999999996 0.4859943977591036 
0.9047619047619048 0.11999999999999988 0.268 0.040000000000000036 0.7235740729858378 
0.33333333333333326 0.06666666666666676 0.33666666666666656 0.1333333333333333 0.5908496732026144 
0.0 0.2857142857142857 0.2899999999999999 0.31428571428571417 0.4507269574496465 
0.0 0.2666666666666666 0.22333333333333327 0.0 0.5787372048241612 
0.0 0.2749999999999999 0.3375 0.2749999999999999 0.43622072372072374 
0.7777777777777778 0.28 0.06799999999999995 0.28 0.7332452088973829 
0.0 0.20000000000000007 0.3933333333333332 0.1333333333333333 0.47099253403601227 
0.7777777777777778 0.0 0.11333333333333329 0.1333333333333333 0.7478632478632479 
0.33333333333333326 0.1333333333333333 0.3933333333333333 0.2666666666666666 0.48044733044733046 
0.0 0.20000000000000007 0.0 0.4666666666666667 0.571957671957672 
0.0 0.0 0.22333333333333327 0.2666666666666666 0.5126984126984127 
0.0 0.15000000000000002 0.41999999999999993 0.10000000000000009 0.48404634581105177 
0.8181818181818182 0.06666666666666676 0.11333333333333329 0.06666666666666676 0.8245715069244481 
0.0 0.31428571428571417 0.19428571428571417 0.37142857142857133 0.4928029182687568 
0.0 0.34285714285714275 0.2899999999999999 0.2857142857142857 0.4645797713024604 
0.8181818181818182 0.06666666666666676 0.11333333333333329 0.06666666666666676 0.8245715069244481 
0.6 0.09999999999999998 0.0 0.0 0.8114027149321267 
0.8666666666666667 0.15000000000000002 0.08499999999999996 0.09999999999999998 0.7929477342776575 
0.0 0.3666666666666666 0.33666666666666656 0.16666666666666663 0.4743626743626743 
0.33333333333333326 0.06666666666666676 0.33666666666666656 0.33333333333333337 0.49088689088689086 
0.75 0.08000000000000007 0.20199999999999996 0.32000000000000006 0.6454674311196051 
0.0 0.25 0.08499999999999996 0.4 0.5503968253968254 
0.0 0.33333333333333337 0.0 0.2666666666666666 0.6056732317601883 
0.33333333333333326 0.0 0.11333333333333329 0.33333333333333337 0.6238095238095238 
0.0 0.06666666666666676 0.22666666666666657 0.19999999999999984 0.5686274509803921 
0.75 0.30000000000000004 0.08499999999999996 0.19999999999999996 0.7318124685771744 
0.8181818181818182 0.20000000000000007 0.08499999999999996 0.29999999999999993 0.7262180629827688 
0.33333333333333326 0.31999999999999995 0.4039999999999999 0.040000000000000036 0.547012987012987 
0.0 0.050000000000000044 0.3374999999999999 0.30000000000000004 0.45980392156862737 
0.0 0.15999999999999992 0.4039999999999999 0.11999999999999988 0.44606060606060605 
0.9090909090909091 0.11999999999999988 0.06799999999999995 0.28 0.7632345432345432 
0.33333333333333326 0.09999999999999998 0.41999999999999993 0.09999999999999998 0.5434731934731936 
0.0 0.1333333333333333 0.22333333333333327 0.06666666666666676 0.5464139725009289 
0.7777777777777778 0.28 0.06799999999999995 0.28 0.7332452088973829 
0.0 0.08000000000000007 0.404 0.24 0.43477855477855476 
0.33333333333333326 0.15000000000000002 0.08499999999999996 0.44999999999999996 0.5898656898656898 
0.0 0.24 0.2719999999999999 0.24 0.4876190476190476 
0.0 0.36 0.2699999999999999 0.19999999999999996 0.5106455862977601 
0.7777777777777778 0.0 0.11333333333333329 0.1333333333333333 0.7478632478632479 
0.0 0.08000000000000007 0.33599999999999997 0.36 0.4308225108225108 
0.8 0.15000000000000002 0.33499999999999996 0.050000000000000044 0.6690463458110517 
0.33333333333333326 0.08000000000000007 0.404 0.15999999999999992 0.5281118881118881 
0.7142857142857143 0.19999999999999996 0.33499999999999996 0.0 0.6746753246753247 
0.9090909090909091 0.11999999999999988 0.20199999999999996 0.040000000000000036 0.7517126011243658 
0.0 0.1333333333333333 0.22333333333333327 0.06666666666666676 0.5464139725009289 
0.0 0.34285714285714275 0.2899999999999999 0.2857142857142857 0.4645797713024604 
0.0 0.15000000000000002 0.16999999999999993 0.3500000000000001 0.5109943977591036 
0.0 0.37142857142857133 0.24142857142857133 0.2571428571428571 0.5066557321215706 
0.6 0.09999999999999998 0.0 0.0 0.8114027149321267 
0.6 0.0 0.0 0.09999999999999998 0.8013186813186812 
0.33333333333333326 0.44999999999999996 0.08499999999999996 0.19999999999999996 0.6637787333439507 
0.33333333333333326 0.2666666666666666 0.11333333333333329 0.0 0.6908584169453734 
0.6666666666666666 0.2666666666666666 0.0 0.2666666666666666 0.7424166247695659 
0.33333333333333326 0.19999999999999996 0.33599999999999997 0.2799999999999999 0.5016161616161616 
0.0 0.3666666666666666 0.33666666666666656 0.16666666666666663 0.4743626743626743 
0.8666666666666667 0.24 0.134 0.19999999999999996 0.7312470763110148 
0.0 0.24 0.20199999999999996 0.44000000000000006 0.47041167982344456 
0.8888888888888888 0.08000000000000007 0.1359999999999999 0.24 0.7256261612783352 
0.8571428571428571 0.0 0.08499999999999996 0.25 0.7585164835164835 
0.8181818181818182 0.24 0.2699999999999999 0.040000000000000036 0.7066400266400266 
0.8181818181818182 0.19999999999999996 0.06799999999999995 0.43999999999999995 0.6992747349269088 
0.0 0.24 0.20199999999999996 0.44000000000000006 0.47041167982344456 
0.9090909090909091 0.16000000000000014 0.06799999999999995 0.24 0.7672681566799213 
0.5 0.19999999999999996 0.25249999999999995 0.050000000000000044 0.6348104793756968 
0.5 0.25 0.08499999999999996 0.35 0.653968253968254 
0.0 0.2857142857142857 0.2899999999999999 0.2571428571428571 0.48125890672474525 
0.0 0.2666666666666666 0.3933333333333332 0.16666666666666663 0.44473304473304465 
0.33333333333333326 0.19999999999999996 0.33499999999999996 0.050000000000000044 0.5673862369514544 
0.0 0.2749999999999999 0.3375 0.2749999999999999 0.43622072372072374 
0.8823529411764706 0.15999999999999992 0.268 0.040000000000000036 0.7170462444631243 
0.9 0.050000000000000044 0.16749999999999998 0.050000000000000044 0.76736802413273 
0.8461538461538461 0.0 0.11333333333333329 0.06666666666666676 0.8282051282051281 
0.0 0.24 0.20399999999999996 0.28 0.5172893772893773 
0.0 0.15999999999999992 0.4039999999999999 0.11999999999999988 0.44606060606060605 
0.0 0.35 0.3374999999999999 0.050000000000000044 0.5602368220015279 
0.0 0.43999999999999995 0.20399999999999996 0.19999999999999996 0.5522040278562017 
0.6 0.19999999999999996 0.1359999999999999 0.44000000000000006 0.6165079365079364 
0.6666666666666666 0.06666666666666676 0.11333333333333329 0.2666666666666666 0.6831573655103067 
0.0 0.15000000000000002 0.3374999999999999 0.25 0.48404634581105177 
0.0 0.0 0.25249999999999995 0.35 0.4809523809523809 
0.0 0.35 0.16999999999999993 0.1499999999999999 0.5807312252964427 
0.6 0.0 0.33666666666666656 0.19999999999999984 0.5755555555555556 
0.0 0.35 0.3374999999999999 0.050000000000000044 0.5602368220015279 
0.0 0.32499999999999996 0.29499999999999993 0.29999999999999993 0.45999043227304104 
0.75 0.15000000000000002 0.08499999999999996 0.35 0.7017704517704517 
0.875 0.19999999999999996 0.20199999999999996 0.040000000000000036 0.7440248540887927 
0.0 0.08000000000000007 0.2699999999999999 0.31999999999999995 0.4563369963369963 
0.8666666666666667 0.09999999999999998 0.08499999999999996 0.1499999999999999 0.7879057174709349 
0.0 0.09999999999999998 0.16999999999999993 0.25 0.537087912087912 
0.33333333333333326 0.09999999999999998 0.255 0.15000000000000002 0.610897435897436 
0.33333333333333326 0.19999999999999996 0.0 0.0 0.7529542920847268 
0.6 0.28 0.1359999999999999 0.31999999999999995 0.6367372723894462 
0.33333333333333326 0.09999999999999998 0.33499999999999996 0.19999999999999996 0.5420995670995671 
0.0 0.29999999999999993 0.2816666666666666 0.23333333333333328 0.5006221636656418 
0.33333333333333326 0.1333333333333333 0.3933333333333333 0.2666666666666666 0.48044733044733046 
0.0 0.0 0.16999999999999993 0.09999999999999998 0.6499999999999999 
0.0 0.16666666666666663 0.2799999999999999 0.3999999999999999 0.4316276316276315 
0.875 0.19999999999999996 0.20199999999999996 0.040000000000000036 0.7440248540887927 
0.0 0.36 0.2699999999999999 0.19999999999999996 0.5106455862977601 
0.0 0.28 0.2699999999999999 0.24 0.4816161616161616 
0.5 0.08000000000000007 0.20399999999999996 0.4 0.5847619047619047 
0.7142857142857143 0.15000000000000002 0.16749999999999998 0.30000000000000004 0.6612942612942613 
0.5 0.09999999999999998 0.41999999999999993 0.1499999999999999 0.5325757575757576 
0.8666666666666667 0.15000000000000002 0.08499999999999996 0.09999999999999998 0.7929477342776575 
